   alpha    CL        CD       CDp       CM     Top_Xtr  Bot_Xtr  Top_Itr  Bot_Itr
  -8.000  -0.5699   0.06917   0.05640  -0.0279   1.0000   0.0954   1.0000 103.5261
  -7.500  -0.6053   0.06233   0.04718  -0.0261   1.0000   0.1035   1.0000 104.0727
  -7.000  -0.5775   0.05544   0.04296  -0.0240   1.0000   0.1100   1.0000 104.4883
  -6.500  -0.5738   0.04972   0.03731  -0.0198   1.0000   0.1227   1.0000 105.2913
  -6.000  -0.5597   0.04502   0.03294  -0.0155   1.0000   0.1408   1.0000 106.4085
  -5.500  -0.5462   0.04090   0.02917  -0.0108   1.0000   0.1716   1.0000 108.3101
  -5.000  -0.5272   0.03711   0.02587  -0.0063   1.0000   0.2054   1.0000 110.4379
  -4.500  -0.4652   0.02884   0.01423   0.0007   1.0000   0.0740   1.0000 101.9729
  -4.000  -0.4243   0.02521   0.01134   0.0034   1.0000   0.0735   1.0000 101.9313
  -3.500  -0.3815   0.02241   0.00946   0.0053   1.0000   0.0780   1.0000 102.2806
  -3.000  -0.3214   0.02064   0.00801   0.0042   0.9958   0.0844   1.5190 102.7589
  -2.500  -0.2225   0.01845   0.00657  -0.0042   0.9795   0.1000   3.0990 103.8388
  -2.000  -0.1256   0.01625   0.00517  -0.0122   0.9557   0.1351   4.8361 106.0563
  -1.500  -0.0647   0.01288   0.00541  -0.0098   0.9329   0.8513   6.3090 149.7576
  -1.000   0.0468   0.01348   0.00601  -0.0158   0.9097   0.9410   7.7492 155.2252
  -0.500   0.1966   0.01345   0.00586  -0.0314   0.8716   0.9837  10.0608 158.2743
   0.000   0.2801   0.01285   0.00501  -0.0364   0.8018   1.0000  14.2718 160.0000
   0.500   0.3199   0.01262   0.00439  -0.0332   0.7280   1.0000  18.7171 160.0000
   1.000   0.3625   0.01265   0.00394  -0.0306   0.6517   1.0000  23.3132 160.0000
   1.500   0.4062   0.01292   0.00364  -0.0284   0.5725   1.0000  28.0908 160.0000
   2.000   0.4497   0.01340   0.00354  -0.0262   0.4971   1.0000  32.6536 160.0000
   2.500   0.4931   0.01404   0.00361  -0.0241   0.4382   1.0000  36.2297 160.0000
   3.000   0.5372   0.01473   0.00382  -0.0222   0.3967   1.0000  38.7691 160.0000
   3.500   0.5820   0.01546   0.00415  -0.0203   0.3670   1.0000  40.5880 160.0000
   4.000   0.6274   0.01627   0.00452  -0.0186   0.3450   1.0000  41.9454 160.0000
   4.500   0.6736   0.01713   0.00502  -0.0169   0.3269   1.0000  43.0684 160.0000
   5.000   0.7201   0.01805   0.00558  -0.0153   0.3110   1.0000  44.0538 160.0000
   5.500   0.7668   0.01899   0.00624  -0.0138   0.2971   1.0000  44.9170 160.0000
   6.000   0.8130   0.02000   0.00705  -0.0121   0.2840   1.0000  45.7361 160.0000
   6.500   0.8593   0.02121   0.00798  -0.0106   0.2725   1.0000  46.4562 160.0000
   7.000   0.9068   0.02252   0.00882  -0.0094   0.2618   1.0000  47.1290 160.0000
   7.500   0.9527   0.02375   0.00983  -0.0079   0.2509   1.0000  47.8221 160.0000
   8.000   0.9972   0.02532   0.01118  -0.0063   0.2404   1.0000  48.4856 160.0000
   8.500   1.0438   0.02692   0.01217  -0.0052   0.2306   1.0000  49.1134 160.0000
   9.000   1.0866   0.02837   0.01344  -0.0035   0.2200   1.0000  49.7971 160.0000
